http://www.ics.uci.edu/~jacobson/ics45J/CourseGradesAfter.html







ICS45J Fall 2012 Course Grades



















Last 4 Digits
Lab 1
Lab 2
Lab 3
Lab 4
Lab 5
Lab Total
Midterm
Final
Partner Eval
Course Total
Course Grade
 
Possible
% of Lab Total
 
% of Grade
Possible Pts


1029
4
3.5
4
3.5
3.5
18.38
25
38
0
84.55
A
Lab 1 
4
20
Labs
40
20


1451
3
3.5
3.5
3
3.5
16.50
20
23
1
67.80
B+
Lab 2 
4
20
Midterm
30
30


1902
4
3.5
4
3
3.5
17.88
21
29
1
75.15
A
Lab 3 
4
15
Final
30
50


1963
3.5
3
3
3
3
15.50
25
38
1
79.80
A
Lab 4
4
20
 
 
 


2165
4
4
4
3
4
19.00
23
34
0
81.40
A
Lab 5
4
25
 
 
 


2789
3
3.5
3.5
3
3.5
16.50
12
22
1
59.20
B-
Total
20
100
 
 
 


2812
4
3
2
2.5
1
12.25
23
34
1
68.90
B+
 
 
 
 
 
 


3016
4
4
4
2.5
4
18.50
26
37
1
86.20
A
Grades
Lowest
Highest
Number
% of Class
Cum. %


3291
3.5
3.5
3
3
3
16.00
17
26
1
65.60
B
A+
92.00
100.00
1
4.35%
4.35%


3402
4
3.5
4
4
3.5
18.88
29
44
1
94.15
A+
A
72.00
91.99
9
39.13%
43.48%


3587
2.5
3.5
3
4
3.5
16.63
12
33
1
66.05
B+
A-
69.00
71.99
0
0.00%
43.48%


4160
3
3
2
3.5
2
13.50
28
34
0
75.40
A
B+
66.00
68.99
5
21.74%
65.22%


4433
4
3
2
2
1
11.75
14
27
1
54.70
C
B
62.00
65.99
1
4.35%
69.57%


4619
2.5
3.5
3.5
3
3
15.38
21
25
1
67.75
B+
B-
59.00
61.99
2
8.70%
78.26%


4814
2.5
3.5
3
4
3.5
16.63
24
32
1
77.45
A
C+
56.00
58.99
1
4.35%
82.61%


7869
2.5
3.5
3.5
3
3
15.38
11
10
1
48.75
D+
C
52.00
55.99
3
13.04%
95.65%


7968
3.5
3
3
3
3
15.50
17
29
1
66.40
B+
C-
49.00
51.99
0
0.00%
95.65%


8071
3.5
3.5
3
3
3
16.00
25
31
1
76.60
A
D+
46.00
48.99
1
4.35%
100.00%


8424
4
3.5
4
4
3.5
18.88
19
32
1
76.95
A
D
42.00
45.99
0
0.00%
100.00%


8757
3
3
2
3.5
2
13.50
18
20
1
58.00
C+
D-
39.00
41.99
0
0.00%
100.00%


9197
3.5
4
4
3.5
3
17.75
10
24
0
59.90
B-
F
0.00
38.99
0
0.00%
100.00%


9735
1.5
3.5
3.5
3.5
1.5
13.00
14
23
1
54.80
C
NR
 
 
0
0.00%
100.00%


9830
1.5
3.5
3.5
3.5
1.5
13.00
13
20
1
52.00
C
I
 
 
0
0.00%
100.00%


Ave
3.24
3.43
3.26
3.22
2.87
15.92
19.43
28.91
0.83
69.46
 
Total
 
 
23




Ave%
81.0%
85.9%
81.5%
80.4%
71.7%
53.1%
64.8%
57.8%

 
 










